onset_threshold = 350.0000000000
offset_threshold = 60.0000000000
recover_threshold = 90.0000000000
